4:
[0.00046646 , 0.000168748 , 0.000156056 , 0.000157871 , 0.000139096 , 0.000280867 , 0.000207759 , 0.000188342 , 0.000170386 , 0.00016518 , 0.000188663 , 0.000192741 , 0.0001643 , 0.000188099 , 0.000159349 , 0.000177244 , 0.000165007 , 0.000163988 , 0.000168745 , 0.000163419 ] 
| Maior: 0.00046646 | Menor: 0.000139096 | Media: 0.000191616 | Desvio_Padrao: 1 |

8:
[0.000904348 , 0.000655318 , 0.000620393 , 0.000596738 , 0.000632464 , 0.000622095 , 0.000479138 , 0.000468718 , 0.000455858 , 0.000462554 , 0.000449188 , 0.000450968 , 0.000411898 , 0.000424387 , 0.00046739 , 0.00041756 , 0.000476069 , 0.000533495 , 0.000490165 , 0.000464721 ] 
| Maior: 0.000904348 | Menor: 0.000411898 | Media: 0.000524173 | Desvio_Padrao: 1 |

16:
[0.00155859 , 0.00108112 , 0.0010151 , 0.000939355 , 0.00106103 , 0.0010955 , 0.00108398 , 0.00120399 , 0.00118311 , 0.00113515 , 0.00149843 , 0.000916276 , 0.000791596 , 0.000801859 , 0.000909178 , 0.00132085 , 0.000946145 , 0.000865442 , 0.00078377 , 0.000809148 ] 
| Maior: 0.00155859 | Menor: 0.00078377 | Media: 0.00104998 | Desvio_Padrao: 1 |

32:
[0.00393894 , 0.00362423 , 0.00358475 , 0.00450221 , 0.00322422 , 0.00326894 , 0.00545924 , 0.00326036 , 0.00311343 , 0.00555601 , 0.00322125 , 0.0031974 , 0.0030697 , 0.00318908 , 0.00321229 , 0.00312843 , 0.00323019 , 0.00332389 , 0.00329804 , 0.00719895 ] 
| Maior: 0.00719895 | Menor: 0.0030697 | Media: 0.00378008 | Desvio_Padrao: 1 |

64:
[0.0128524 , 0.0119866 , 0.0121696 , 0.0107059 , 0.0105191 , 0.0106138 , 0.0111022 , 0.0108265 , 0.0108254 , 0.0107759 , 0.0105567 , 0.012765 , 0.0120258 , 0.0115241 , 0.011082 , 0.0107833 , 0.0108995 , 0.0108909 , 0.0106098 , 0.0108274 ] 
| Maior: 0.0128524 | Menor: 0.0105191 | Media: 0.0112171 | Desvio_Padrao: 1 |

128:
[0.0539108 , 0.0468778 , 0.051767 , 0.0460628 , 0.0445951 , 0.0448009 , 0.0438983 , 0.0441503 , 0.0446197 , 0.044746 , 0.0449684 , 0.04385 , 0.0448304 , 0.0444144 , 0.0469567 , 0.0441632 , 0.0448787 , 0.0460271 , 0.0449826 , 0.0459551 ] 
| Maior: 0.0539108 | Menor: 0.04385 | Media: 0.0458228 | Desvio_Padrao: 1 |

256:
[0.312117 , 0.29594 , 0.29945 , 0.311579 , 0.297211 , 0.293774 , 0.299536 , 0.296663 , 0.305043 , 0.298131 , 0.29375 , 0.297232 , 0.294379 , 0.30072 , 0.303263 , 0.316649 , 0.315419 , 0.517496 , 0.369426 , 0.338073 ] 
| Maior: 0.517496 | Menor: 0.29375 | Media: 0.317793 | Desvio_Padrao: 1.0003 |

512:
[2.2269 , 2.1845 , 2.17196 , 2.1666 , 2.18313 , 2.19075 , 2.15994 , 2.15252 , 2.18151 , 2.1798 , 2.16893 , 2.17204 , 2.16827 , 2.16038 , 2.1797 , 2.16364 , 2.16641 , 2.16873 , 2.17398 , 2.17114 ] 
| Maior: 2.2269 | Menor: 2.15252 | Media: 2.17454 | Desvio_Padrao: 1.00003 |

1024:
[20.2104 , 20.1898 , 20.1649 , 20.0326 , 20.1139 , 20.168 , 20.2583 , 20.2571 , 20.1625 , 20.1322 , 20.1558 , 20.1742 , 20.1217 , 20.0883 , 20.3129 , 20.3349 , 20.9991 , 20.0726 , 20.1797 , 20.1484 ] 
| Maior: 20.9991 | Menor: 20.0326 | Media: 20.2139 | Desvio_Padrao: 1.00529 |

2048:
[196.559 , 198.651 , 195.722 , 198.52 , 215.031 , 196.037 , 196.816 , 198.96 , 196.446 , 196.847 , 197.152 , 196.01 , 196.019 , 195.729 , 198.229 , 195.05 , 194.975 , 199.689 , 195.859 , 195.739 ] 
| Maior: 215.031 | Menor: 194.975 | Media: 197.702 | Desvio_Padrao: 90.7459 |

