4:
[0 , 0 , 0 , 0 , 0 , 0 , 0 , 0 , 0 , 0 , 0 , 0 , 0 , 0 , 0 , 0 , 0 , 0 , 0 , 0 ] 
| Maior: 0 | Menor: 0 | Media: 0 | Desvio_Padrao: 1

256:
[0.229387 , 0.229387 , 0.231381 , 0.232379 , 0.235371 , 0.23537 , 0.241355 , 0.234374 , 0.234373 , 0.230385 , 0.233376 , 0.232378 , 0.232379 , 0.237368 , 0.231379 , 0.229387 , 0.230384 , 0.22839 , 0.232379 , 0.233376 ] 
| Maior: 0.241355 | Menor: 0.22839 | Media: 0.232728 | Desvio_Padrao: 1

512:
[2.03556 , 1.95278 , 1.9468 , 1.95976 , 1.92186 , 1.91787 , 1.98671 , 1.98071 , 1.96176 , 1.92884 , 2.01561 , 2.05949 , 2.00863 , 2.00863 , 2.01462 , 2.02858 , 2.0206 , 2.02558 , 1.99666 , 2.00464 ] 
| Maior: 2.05949 | Menor: 1.91787 | Media: 1.98878 | Desvio_Padrao: 1.00019

